repeat %%nrepeats%%
reference  5.8394  3.6196  -2.3716  -2.7348  1.0402  0.8370  -0.4546  0.7329  -1.5107  0.1807  2.6092  -0.9369  -2.4119  -0.1884  -1.2888  -0.7783  -1.0874  1.9342  3.6906  0.2797
ramp_repack_min 0.079 0.01     1.0
reference  5.8394  3.6196  -2.3716  -2.7348  1.0402  0.8370  -0.4546  0.7329  -1.5107  0.1807  2.6092  -0.9369  -2.4119  -0.1884  -1.2888  -0.7783  -1.0874  1.9342  3.6906  0.2797
ramp_repack_min 0.295 0.01     0.5
reference  5.8394  3.6196  -2.3716  -2.7348  1.0402  0.8370  -0.4546  0.7329  -1.5107  0.1807  2.6092  -0.9369  -2.4119  -0.1884  -1.2888  -0.7783  -1.0874  1.9342  3.6906  0.2797
ramp_repack_min 0.577 0.01     0.0
reference  5.8394  3.6196  -2.3716  -2.7348  1.0402  0.8370  -0.4546  0.7329  -1.5107  0.1807  2.6092  -0.9369  -2.4119  -0.1884  -1.2888  -0.7783  -1.0874  1.9342  3.6906  0.2797
ramp_repack_min 1     0.00001  0.0
accept_to_best
endrepeat
